10000_1000,10112,1731,46.07,18.85579562491165276670,1.21604328061603273537,1.299779
10000_10000,10175,1731,46.33,18.86445101984934518586,1.21612987396191232583,1.307688
10000_1584,10112,1731,46.07,18.85579562491165276670,1.21604328061603273537,1.300464
10000_15848,15852,1731,44.35,19.76752056714700890717,1.22188308896907750479,1.318321
10000_2511,10113,1731,46.07,18.85589474201718848209,1.21604822700668174519,1.302706
10000_25118,25166,1731,45.05,20.89835497896113432957,1.20957985065349885184,1.341312
10000_3981,10115,1731,46.07,18.85617533220782291969,1.21603610473247120979,1.315635
10000_39810,39922,1731,46.84,22.33332020371205069597,1.16954537353890778501,1.415679
10000_6309,10117,1731,46.01,18.85640111306401095994,1.21604561888154146307,1.307771
10000_63095,55550,1731,45.88,23.64933979603902125045,1.13490526666551563390,1.523682
1000_1000,1011,791,55.78,14.96843896550835109168,1.04909503872649734974,1.823968
1000_10000,10021,791,45.81,18.96992092151387373835,1.24966913586215231616,1.941331
1000_1584,1577,791,51.76,15.72377159686457335954,1.09969505326404116093,1.733891
1000_15848,15853,791,45.56,19.87177428333168863012,1.25278592603463457587,1.656833
1000_2511,2504,791,49.46,16.58592087901829887902,1.15531136587302957578,1.619205
1000_25118,25146,791,47.09,20.96276685914139380151,1.23823185569502235881,1.725414
1000_3981,3977,791,48.69,17.38398772109034043578,1.19743511749166940036,1.636519
1000_39810,39898,791,46.33,22.35766563948283418813,1.20180341943058409157,1.787655
1000_6309,6315,791,45.94,18.14950471860906115895,1.22901600545589530205,1.570992
1000_63095,55926,791,46.77,23.66467439570492424141,1.15837130250867590945,1.818513
2000_1000,2000,1518,52.08,15.67430937294134277126,1.08259067197292770938,1.437573
2000_10000,10027,1518,45.24,18.75571229606791468524,1.22430941141939605310,1.251841
2000_1584,2001,1518,52.14,15.67577554468569721636,1.08270441668537094908,1.430065
2000_15848,15858,1518,43.71,19.72162724633120055333,1.23084381929936635646,1.311314
2000_2511,2503,1518,49.84,16.11921243751239083838,1.11026024879573197051,1.382536
2000_25118,25163,1518,44.60,20.86951544411876357435,1.21798914017852518171,1.303994
2000_3981,3984,1518,46.71,17.01179961273907094716,1.15989035549646920699,1.296967
2000_39810,39940,1518,45.88,22.31413006179638929858,1.17937541877449541601,1.381858
2000_6309,6311,1518,45.75,17.86351990704315256711,1.19812841485522885408,1.274952
2000_63095,55637,1518,43.96,23.62277874874535815857,1.14128139177126676910,1.513277
2600_17000,17033,1706,42.75,19.85065524460292863855,1.22329681969647266009,1.378900
3000_1000,3003,1731,49.39,16.36628170316574252126,1.11650583141974136293,1.376195
3000_10000,10022,1731,44.86,18.70977675803215261423,1.21464502425801550441,1.248581
3000_1584,3003,1731,49.39,16.36628170316574252126,1.11650583141974136293,1.366967
3000_15848,15854,1731,45.69,19.69038251253752812664,1.22314030836167751515,1.259434
3000_2511,3003,1731,49.39,16.36628170316574252126,1.11650583141974136293,1.373488
3000_25118,25153,1731,45.88,20.85001834581974230612,1.21073100985859562492,1.294827
3000_3981,3984,1731,48.24,16.94171116246733930582,1.15019816139781418878,1.309314
3000_39810,39929,1731,47.09,22.30741768962761252214,1.16987078506189678689,1.370475
3000_6309,6314,1731,45.50,17.81289251126621699591,1.18745032856230252594,1.275229
3000_63095,55537,1731,45.56,23.61598984791384955677,1.13236395293427027400,1.492914
4000_1000,4013,1731,47.86,17.00911403242999120750,1.14995649821302163366,1.328194
4000_10000,10025,1731,45.18,18.72095963720514249797,1.21389543293219841502,1.260728
4000_1584,4013,1731,47.86,17.00911403242999120750,1.14995649821302163366,1.335553
4000_15848,15862,1731,44.15,19.70132595306105938445,1.22003065557071082028,1.293665
4000_2511,4013,1731,47.86,17.00911403242999120750,1.14995649821302163366,1.336220
4000_25118,25152,1731,46.71,20.85123800126775501567,1.20901932768176246136,1.326672
4000_3981,4037,1731,48.18,17.01907761425575401640,1.15056566618898806954,1.317490
4000_39810,39931,1731,47.67,22.31469937999134085985,1.16962482207911048187,1.395805
4000_6309,6315,1731,45.30,17.83144335553238153913,1.18882973324815690878,1.270904
4000_63095,55536,1731,45.62,23.62096048196027286070,1.13354153403891641775,1.515061
5000_1000,5068,1731,46.39,17.45010565297829080664,1.17053552651116214023,1.311457
5000_10000,10024,1731,45.18,18.74461013101616876610,1.21195661838084221067,1.284843
5000_1584,5068,1731,46.39,17.45010565297829080664,1.17053552651116214023,1.317235
5000_15848,15860,1731,45.05,19.71276596300040095197,1.22153921407482863999,1.286846
5000_2511,5068,1731,46.39,17.45010565297829080664,1.17053552651116214023,1.318174
5000_25118,25154,1731,46.13,20.86650758145948295865,1.20867135447780521072,1.301517
5000_3981,5068,1731,46.39,17.45010565297829080664,1.17053552651116214023,1.305890
5000_39810,39944,1731,47.35,22.31314193077488635989,1.17044782506604050484,1.373942
5000_6309,6312,1731,45.75,17.86661946350670283235,1.18892153990918351490,1.287099
5000_63095,55541,1731,45.43,23.62821491221285482249,1.13269903624026657918,1.500981
6000_1000,6040,1731,46.77,17.82931609399878914282,1.18695502063226229734,1.288584
6000_10000,10020,1731,44.86,18.76346578466123114481,1.21415144356774115575,1.279471
6000_1584,6040,1731,46.77,17.82931609399878914282,1.18695502063226229734,1.291014
6000_15848,15858,1731,44.28,19.72211515198391213550,1.22206282705157202299,1.307008
6000_2511,6040,1731,46.77,17.82931609399878914282,1.18695502063226229734,1.287254
6000_25118,25156,1731,45.05,20.87064172345337888716,1.21004979782109497746,1.336031
6000_3981,6040,1731,46.77,17.82931609399878914282,1.18695502063226229734,1.292480
6000_39810,39926,1731,46.07,22.32880081595059844971,1.17020960548352008839,1.381967
6000_6309,6319,1731,46.52,17.90627313595116742811,1.19039127781902311849,1.301880
6000_63095,55561,1731,46.20,23.63567779632884462711,1.13170057666741483796,1.520314
7000_1000,7104,1731,45.37,18.14241627589407400097,1.19686899393981249676,1.297160
7000_10000,10020,1731,45.69,18.78876425126442115781,1.21280132046478703016,1.295065
7000_1584,7105,1731,45.37,18.14269986531214244374,1.19686899393981249676,1.296611
7000_15848,15858,1731,45.11,19.74377850630721455731,1.22193777240629154508,1.281494
7000_2511,7106,1731,45.37,18.14304621847170621511,1.19687419568708023273,1.294355
7000_25118,25148,1731,45.88,20.87935832704345483689,1.20734991108271896959,1.337817
7000_3981,7108,1731,45.37,18.14332066831848210785,1.19685768245308102695,1.294842
7000_39810,39922,1731,46.26,22.32610766716185568751,1.16915818867729069907,1.383976
7000_6309,7110,1731,45.37,18.14354491408870551188,1.19684532346898254458,1.295153
7000_63095,55531,1731,45.43,23.63048121784494093737,1.13109982596384606087,1.526391
8000_1000,8077,1731,45.18,18.40443469719235826436,1.20528556052418032079,1.292203
8000_10000,10019,1731,45.62,18.81024687777543666870,1.21345894179802828087,1.285478
8000_1584,8077,1731,45.18,18.40443469719235826436,1.20528556052418032079,1.303408
8000_15848,15855,1731,44.15,19.75446688154491862275,1.22273365475923272155,1.298822
8000_2511,8077,1731,45.18,18.40443469719235826436,1.20528556052418032079,1.292800
8000_25118,25162,1731,44.54,20.89316470378006139632,1.20982275108340958925,1.317175
8000_3981,8078,1731,45.18,18.40456060224586446045,1.20527292132115540668,1.291656
8000_39810,39936,1731,45.94,22.33102574849554107624,1.17059036620107391356,1.390550
8000_6309,8079,1731,45.18,18.40446471071448574575,1.20530078713375576235,1.300414
8000_63095,55533,1731,46.01,23.63957236951947106344,1.13282275315526856471,1.541336
9000_1000,9104,1731,45.94,18.64267077735785985884,1.21089415804830884511,1.298618
9000_10000,10023,1731,44.79,18.81939318772820257053,1.21410391460487922788,1.301049
9000_1584,9105,1731,45.94,18.64315944597505563097,1.21090797579378096997,1.298962
9000_15848,15858,1731,43.07,19.76200367604503108489,1.22141641930972565134,1.308280
9000_2511,9106,1731,46.01,18.64325798183358626201,1.21091050363438595279,1.299126
9000_25118,25162,1731,45.43,20.89161682077980268895,1.20887271102746939691,1.353318
9000_3981,9106,1731,46.01,18.64325798183358626201,1.21091050363438595279,1.299344
9000_39810,39932,1731,46.52,22.33285088489477900078,1.17103813170116887377,1.397026
9000_6309,9110,1731,45.88,18.64381157124276441715,1.21090138106666206253,1.303512
9000_63095,55529,1731,46.71,23.64557312457159926495,1.13306273140074932232,1.511593
